ToyNetwork 2 123
1 1.1198697080631828 0.964028568844649
3 1.9640928403805515 0.964028568844649
6 3.0234820685121617 0.964028568844649
9 4.1655829064270415 0.964028568844649
12 4.993836347377524 0.964028568844649
15 6.092019162840791 0.964028568844649
18 7.066026346752797 0.964028568844649
21 8.0725466739463 0.964028568844649
24 8.975480236645309 0.964028568844649
27 10.159134850546872 0.964028568844649
30 11.165825093849913 0.964028568844649
32 1.1198697080631828 2.0800485062725844
35 1.9640928403805515 2.0800485062725844
39 3.0234820685121617 2.0800485062725844
43 4.1655829064270415 2.0800485062725844
47 4.993836347377524 2.0800485062725844
51 6.092019162840791 2.0800485062725844
55 7.066026346752797 2.0800485062725844
59 8.0725466739463 2.0800485062725844
63 8.975480236645309 2.0800485062725844
67 10.159134850546872 2.0800485062725844
71 11.165825093849913 2.0800485062725844
74 1.1198697080631828 3.163527076659515
77 1.9640928403805515 3.163527076659515
81 3.0234820685121617 3.163527076659515
85 4.1655829064270415 3.163527076659515
89 4.993836347377524 3.163527076659515
93 6.092019162840791 3.163527076659515
97 7.066026346752797 3.163527076659515
101 8.0725466739463 3.163527076659515
105 8.975480236645309 3.163527076659515
109 10.159134850546872 3.163527076659515
113 11.165825093849913 3.163527076659515
116 1.1198697080631828 4.082257602828609
119 1.9640928403805515 4.082257602828609
123 3.0234820685121617 4.082257602828609
127 4.1655829064270415 4.082257602828609
131 4.993836347377524 4.082257602828609
135 6.092019162840791 4.082257602828609
139 7.066026346752797 4.082257602828609
143 8.0725466739463 4.082257602828609
147 8.975480236645309 4.082257602828609
151 10.159134850546872 4.082257602828609
155 11.165825093849913 4.082257602828609
158 1.1198697080631828 5.098525085472363
161 1.9640928403805515 5.098525085472363
165 3.0234820685121617 5.098525085472363
169 4.1655829064270415 5.098525085472363
173 4.993836347377524 5.098525085472363
177 6.092019162840791 5.098525085472363
181 7.066026346752797 5.098525085472363
185 8.0725466739463 5.098525085472363
189 8.975480236645309 5.098525085472363
193 10.159134850546872 5.098525085472363
197 11.165825093849913 5.098525085472363
200 1.1198697080631828 5.9930445636013125
203 1.9640928403805515 5.9930445636013125
207 3.0234820685121617 5.9930445636013125
211 4.1655829064270415 5.9930445636013125
215 4.993836347377524 5.9930445636013125
219 6.092019162840791 5.9930445636013125
223 7.066026346752797 5.9930445636013125
227 8.0725466739463 5.9930445636013125
231 8.975480236645309 5.9930445636013125
235 10.159134850546872 5.9930445636013125
239 11.165825093849913 5.9930445636013125
242 1.1198697080631828 7.066226412250948
245 1.9640928403805515 7.066226412250948
249 3.0234820685121617 7.066226412250948
253 4.1655829064270415 7.066226412250948
257 4.993836347377524 7.066226412250948
261 6.092019162840791 7.066226412250948
265 7.066026346752797 7.066226412250948
269 8.0725466739463 7.066226412250948
273 8.975480236645309 7.066226412250948
277 10.159134850546872 7.066226412250948
281 11.165825093849913 7.066226412250948
284 1.1198697080631828 7.966750150285049
287 1.9640928403805515 7.966750150285049
291 3.0234820685121617 7.966750150285049
295 4.1655829064270415 7.966750150285049
299 4.993836347377524 7.966750150285049
303 6.092019162840791 7.966750150285049
307 7.066026346752797 7.966750150285049
311 8.0725466739463 7.966750150285049
315 8.975480236645309 7.966750150285049
319 10.159134850546872 7.966750150285049
323 11.165825093849913 7.966750150285049
326 1.1198697080631828 9.074431801019655
329 1.9640928403805515 9.074431801019655
333 3.0234820685121617 9.074431801019655
337 4.1655829064270415 9.074431801019655
341 4.993836347377524 9.074431801019655
345 6.092019162840791 9.074431801019655
349 7.066026346752797 9.074431801019655
353 8.0725466739463 9.074431801019655
357 8.975480236645309 9.074431801019655
361 10.159134850546872 9.074431801019655
365 11.165825093849913 9.074431801019655
368 1.1198697080631828 10.121164456263026
371 1.9640928403805515 10.121164456263026
375 3.0234820685121617 10.121164456263026
379 4.1655829064270415 10.121164456263026
383 4.993836347377524 10.121164456263026
387 6.092019162840791 10.121164456263026
391 7.066026346752797 10.121164456263026
395 8.0725466739463 10.121164456263026
399 8.975480236645309 10.121164456263026
403 10.159134850546872 10.121164456263026
407 11.165825093849913 10.121164456263026
410 1.1198697080631828 11.02103058763773
412 1.9640928403805515 11.02103058763773
415 3.0234820685121617 11.02103058763773
418 4.1655829064270415 11.02103058763773
421 4.993836347377524 11.02103058763773
424 6.092019162840791 11.02103058763773
427 7.066026346752797 11.02103058763773
430 8.0725466739463 11.02103058763773
433 8.975480236645309 11.02103058763773
436 10.159134850546872 11.02103058763773
439 11.165825093849913 11.02103058763773
2 1 2.532669396952106 300 ALPHA BETA
12 1 3.348059812283806 300 ALPHA BETA
1 2 2.532669396952106 300 ALPHA BETA
3 2 3.1781676843948303 300 ALPHA BETA
13 2 3.348059812283806 300 ALPHA BETA
2 3 3.1781676843948303 300 ALPHA BETA
4 3 3.4263025137446395 300 ALPHA BETA
14 3 3.348059812283806 300 ALPHA BETA
3 4 3.4263025137446395 300 ALPHA BETA
5 4 2.4847603228514474 300 ALPHA BETA
15 4 3.348059812283806 300 ALPHA BETA
4 5 2.4847603228514474 300 ALPHA BETA
6 5 3.2945484463898014 300 ALPHA BETA
16 5 3.348059812283806 300 ALPHA BETA
5 6 3.2945484463898014 300 ALPHA BETA
7 6 2.9220215517360177 300 ALPHA BETA
17 6 1.3392239249135223 200 ALPHA BETA
6 7 2.9220215517360177 300 ALPHA BETA
8 7 3.0195609815805105 300 ALPHA BETA
18 7 3.348059812283806 300 ALPHA BETA
7 8 3.0195609815805105 300 ALPHA BETA
9 8 2.708800688097025 300 ALPHA BETA
19 8 3.348059812283806 300 ALPHA BETA
8 9 2.708800688097025 300 ALPHA BETA
10 9 3.5509638417046894 300 ALPHA BETA
20 9 3.348059812283806 300 ALPHA BETA
9 10 3.5509638417046894 300 ALPHA BETA
11 10 3.020070729909122 300 ALPHA BETA
21 10 3.348059812283806 300 ALPHA BETA
10 11 3.020070729909122 300 ALPHA BETA
22 11 3.348059812283806 300 ALPHA BETA
1 12 3.348059812283806 300 ALPHA BETA
13 12 2.532669396952106 300 ALPHA BETA
23 12 3.2504357111607916 300 ALPHA BETA
2 13 3.348059812283806 300 ALPHA BETA
12 13 2.532669396952106 300 ALPHA BETA
14 13 3.1781676843948303 300 ALPHA BETA
24 13 3.2504357111607916 300 ALPHA BETA
3 14 3.348059812283806 300 ALPHA BETA
13 14 3.1781676843948303 300 ALPHA BETA
15 14 3.4263025137446395 300 ALPHA BETA
25 14 3.2504357111607916 300 ALPHA BETA
4 15 3.348059812283806 300 ALPHA BETA
14 15 3.4263025137446395 300 ALPHA BETA
16 15 2.4847603228514474 300 ALPHA BETA
26 15 3.2504357111607916 300 ALPHA BETA
5 16 3.348059812283806 300 ALPHA BETA
15 16 2.4847603228514474 300 ALPHA BETA
17 16 3.2945484463898014 300 ALPHA BETA
27 16 3.2504357111607916 300 ALPHA BETA
6 17 1.3392239249135223 200 ALPHA BETA
16 17 3.2945484463898014 300 ALPHA BETA
18 17 2.9220215517360177 300 ALPHA BETA
28 17 1.3001742844643165 200 ALPHA BETA
7 18 3.348059812283806 300 ALPHA BETA
17 18 2.9220215517360177 300 ALPHA BETA
19 18 3.0195609815805105 300 ALPHA BETA
29 18 3.2504357111607916 300 ALPHA BETA
8 19 3.348059812283806 300 ALPHA BETA
18 19 3.0195609815805105 300 ALPHA BETA
20 19 2.708800688097025 300 ALPHA BETA
30 19 3.2504357111607916 300 ALPHA BETA
9 20 3.348059812283806 300 ALPHA BETA
19 20 2.708800688097025 300 ALPHA BETA
21 20 3.5509638417046894 300 ALPHA BETA
31 20 3.2504357111607916 300 ALPHA BETA
10 21 3.348059812283806 300 ALPHA BETA
20 21 3.5509638417046894 300 ALPHA BETA
22 21 3.020070729909122 300 ALPHA BETA
32 21 3.2504357111607916 300 ALPHA BETA
11 22 3.348059812283806 300 ALPHA BETA
21 22 3.020070729909122 300 ALPHA BETA
33 22 3.2504357111607916 300 ALPHA BETA
12 23 3.2504357111607916 300 ALPHA BETA
24 23 2.532669396952106 300 ALPHA BETA
34 23 2.756191578507281 300 ALPHA BETA
13 24 3.2504357111607916 300 ALPHA BETA
23 24 2.532669396952106 300 ALPHA BETA
25 24 3.1781676843948303 300 ALPHA BETA
35 24 2.756191578507281 300 ALPHA BETA
14 25 3.2504357111607916 300 ALPHA BETA
24 25 3.1781676843948303 300 ALPHA BETA
26 25 3.4263025137446395 300 ALPHA BETA
36 25 2.756191578507281 300 ALPHA BETA
15 26 3.2504357111607916 300 ALPHA BETA
25 26 3.4263025137446395 300 ALPHA BETA
27 26 2.4847603228514474 300 ALPHA BETA
37 26 2.756191578507281 300 ALPHA BETA
16 27 3.2504357111607916 300 ALPHA BETA
26 27 2.4847603228514474 300 ALPHA BETA
28 27 3.2945484463898014 300 ALPHA BETA
38 27 2.756191578507281 300 ALPHA BETA
17 28 1.3001742844643165 200 ALPHA BETA
27 28 3.2945484463898014 300 ALPHA BETA
29 28 2.9220215517360177 300 ALPHA BETA
39 28 1.1024766314029124 200 ALPHA BETA
18 29 3.2504357111607916 300 ALPHA BETA
28 29 2.9220215517360177 300 ALPHA BETA
30 29 3.0195609815805105 300 ALPHA BETA
40 29 2.756191578507281 300 ALPHA BETA
19 30 3.2504357111607916 300 ALPHA BETA
29 30 3.0195609815805105 300 ALPHA BETA
31 30 2.708800688097025 300 ALPHA BETA
41 30 2.756191578507281 300 ALPHA BETA
20 31 3.2504357111607916 300 ALPHA BETA
30 31 2.708800688097025 300 ALPHA BETA
32 31 3.5509638417046894 300 ALPHA BETA
42 31 2.756191578507281 300 ALPHA BETA
21 32 3.2504357111607916 300 ALPHA BETA
31 32 3.5509638417046894 300 ALPHA BETA
33 32 3.020070729909122 300 ALPHA BETA
43 32 2.756191578507281 300 ALPHA BETA
22 33 3.2504357111607916 300 ALPHA BETA
32 33 3.020070729909122 300 ALPHA BETA
44 33 2.756191578507281 300 ALPHA BETA
23 34 2.756191578507281 300 ALPHA BETA
35 34 2.532669396952106 300 ALPHA BETA
45 34 3.048802447931263 300 ALPHA BETA
24 35 2.756191578507281 300 ALPHA BETA
34 35 2.532669396952106 300 ALPHA BETA
36 35 3.1781676843948303 300 ALPHA BETA
46 35 3.048802447931263 300 ALPHA BETA
25 36 2.756191578507281 300 ALPHA BETA
35 36 3.1781676843948303 300 ALPHA BETA
37 36 3.4263025137446395 300 ALPHA BETA
47 36 3.048802447931263 300 ALPHA BETA
26 37 2.756191578507281 300 ALPHA BETA
36 37 3.4263025137446395 300 ALPHA BETA
38 37 2.4847603228514474 300 ALPHA BETA
48 37 3.048802447931263 300 ALPHA BETA
27 38 2.756191578507281 300 ALPHA BETA
37 38 2.4847603228514474 300 ALPHA BETA
39 38 3.2945484463898014 300 ALPHA BETA
49 38 3.048802447931263 300 ALPHA BETA
28 39 1.1024766314029124 200 ALPHA BETA
38 39 3.2945484463898014 300 ALPHA BETA
40 39 2.9220215517360177 300 ALPHA BETA
50 39 1.2195209791725052 200 ALPHA BETA
29 40 2.756191578507281 300 ALPHA BETA
39 40 2.9220215517360177 300 ALPHA BETA
41 40 3.0195609815805105 300 ALPHA BETA
51 40 3.048802447931263 300 ALPHA BETA
30 41 2.756191578507281 300 ALPHA BETA
40 41 3.0195609815805105 300 ALPHA BETA
42 41 2.708800688097025 300 ALPHA BETA
52 41 3.048802447931263 300 ALPHA BETA
31 42 2.756191578507281 300 ALPHA BETA
41 42 2.708800688097025 300 ALPHA BETA
43 42 3.5509638417046894 300 ALPHA BETA
53 42 3.048802447931263 300 ALPHA BETA
32 43 2.756191578507281 300 ALPHA BETA
42 43 3.5509638417046894 300 ALPHA BETA
44 43 3.020070729909122 300 ALPHA BETA
54 43 3.048802447931263 300 ALPHA BETA
33 44 2.756191578507281 300 ALPHA BETA
43 44 3.020070729909122 300 ALPHA BETA
55 44 3.048802447931263 300 ALPHA BETA
34 45 3.048802447931263 300 ALPHA BETA
46 45 2.532669396952106 300 ALPHA BETA
56 45 2.683558434386849 300 ALPHA BETA
35 46 3.048802447931263 300 ALPHA BETA
45 46 2.532669396952106 300 ALPHA BETA
47 46 3.1781676843948303 300 ALPHA BETA
57 46 2.683558434386849 300 ALPHA BETA
36 47 3.048802447931263 300 ALPHA BETA
46 47 3.1781676843948303 300 ALPHA BETA
48 47 3.4263025137446395 300 ALPHA BETA
58 47 2.683558434386849 300 ALPHA BETA
37 48 3.048802447931263 300 ALPHA BETA
47 48 3.4263025137446395 300 ALPHA BETA
49 48 2.4847603228514474 300 ALPHA BETA
59 48 2.683558434386849 300 ALPHA BETA
38 49 3.048802447931263 300 ALPHA BETA
48 49 2.4847603228514474 300 ALPHA BETA
50 49 3.2945484463898014 300 ALPHA BETA
60 49 2.683558434386849 300 ALPHA BETA
39 50 1.2195209791725052 200 ALPHA BETA
49 50 3.2945484463898014 300 ALPHA BETA
51 50 2.9220215517360177 300 ALPHA BETA
61 50 1.0734233737547396 200 ALPHA BETA
40 51 3.048802447931263 300 ALPHA BETA
50 51 2.9220215517360177 300 ALPHA BETA
52 51 3.0195609815805105 300 ALPHA BETA
62 51 2.683558434386849 300 ALPHA BETA
41 52 3.048802447931263 300 ALPHA BETA
51 52 3.0195609815805105 300 ALPHA BETA
53 52 2.708800688097025 300 ALPHA BETA
63 52 2.683558434386849 300 ALPHA BETA
42 53 3.048802447931263 300 ALPHA BETA
52 53 2.708800688097025 300 ALPHA BETA
54 53 3.5509638417046894 300 ALPHA BETA
64 53 2.683558434386849 300 ALPHA BETA
43 54 3.048802447931263 300 ALPHA BETA
53 54 3.5509638417046894 300 ALPHA BETA
55 54 3.020070729909122 300 ALPHA BETA
65 54 2.683558434386849 300 ALPHA BETA
44 55 3.048802447931263 300 ALPHA BETA
54 55 3.020070729909122 300 ALPHA BETA
66 55 2.683558434386849 300 ALPHA BETA
45 56 2.683558434386849 300 ALPHA BETA
57 56 1.0130677587808425 200 ALPHA BETA
67 56 3.2195455459489075 300 ALPHA BETA
46 57 2.683558434386849 300 ALPHA BETA
56 57 1.0130677587808425 200 ALPHA BETA
58 57 1.2712670737579321 200 ALPHA BETA
68 57 3.2195455459489075 300 ALPHA BETA
47 58 2.683558434386849 300 ALPHA BETA
57 58 1.2712670737579321 200 ALPHA BETA
59 58 1.3705210054978558 200 ALPHA BETA
69 58 3.2195455459489075 300 ALPHA BETA
48 59 2.683558434386849 300 ALPHA BETA
58 59 1.3705210054978558 200 ALPHA BETA
60 59 0.993904129140579 200 ALPHA BETA
70 59 3.2195455459489075 300 ALPHA BETA
49 60 2.683558434386849 300 ALPHA BETA
59 60 0.993904129140579 200 ALPHA BETA
61 60 1.3178193785559207 200 ALPHA BETA
71 60 3.2195455459489075 300 ALPHA BETA
50 61 1.0734233737547396 200 ALPHA BETA
60 61 1.3178193785559207 200 ALPHA BETA
62 61 1.168808620694407 200 ALPHA BETA
72 61 1.287818218379563 200 ALPHA BETA
51 62 2.683558434386849 300 ALPHA BETA
61 62 1.168808620694407 200 ALPHA BETA
63 62 1.2078243926322043 200 ALPHA BETA
73 62 3.2195455459489075 300 ALPHA BETA
52 63 2.683558434386849 300 ALPHA BETA
62 63 1.2078243926322043 200 ALPHA BETA
64 63 1.08352027523881 200 ALPHA BETA
74 63 3.2195455459489075 300 ALPHA BETA
53 64 2.683558434386849 300 ALPHA BETA
63 64 1.08352027523881 200 ALPHA BETA
65 64 1.4203855366818756 200 ALPHA BETA
75 64 3.2195455459489075 300 ALPHA BETA
54 65 2.683558434386849 300 ALPHA BETA
64 65 1.4203855366818756 200 ALPHA BETA
66 65 1.208028291963649 200 ALPHA BETA
76 65 3.2195455459489075 300 ALPHA BETA
55 66 2.683558434386849 300 ALPHA BETA
65 66 1.208028291963649 200 ALPHA BETA
77 66 3.2195455459489075 300 ALPHA BETA
56 67 3.2195455459489075 300 ALPHA BETA
68 67 2.532669396952106 300 ALPHA BETA
78 67 2.7015712141023007 300 ALPHA BETA
57 68 3.2195455459489075 300 ALPHA BETA
67 68 2.532669396952106 300 ALPHA BETA
69 68 3.1781676843948303 300 ALPHA BETA
79 68 2.7015712141023007 300 ALPHA BETA
58 69 3.2195455459489075 300 ALPHA BETA
68 69 3.1781676843948303 300 ALPHA BETA
70 69 3.4263025137446395 300 ALPHA BETA
80 69 2.7015712141023007 300 ALPHA BETA
59 70 3.2195455459489075 300 ALPHA BETA
69 70 3.4263025137446395 300 ALPHA BETA
71 70 2.4847603228514474 300 ALPHA BETA
81 70 2.7015712141023007 300 ALPHA BETA
60 71 3.2195455459489075 300 ALPHA BETA
70 71 2.4847603228514474 300 ALPHA BETA
72 71 3.2945484463898014 300 ALPHA BETA
82 71 2.7015712141023007 300 ALPHA BETA
61 72 1.287818218379563 200 ALPHA BETA
71 72 3.2945484463898014 300 ALPHA BETA
73 72 2.9220215517360177 300 ALPHA BETA
83 72 1.0806284856409203 200 ALPHA BETA
62 73 3.2195455459489075 300 ALPHA BETA
72 73 2.9220215517360177 300 ALPHA BETA
74 73 3.0195609815805105 300 ALPHA BETA
84 73 2.7015712141023007 300 ALPHA BETA
63 74 3.2195455459489075 300 ALPHA BETA
73 74 3.0195609815805105 300 ALPHA BETA
75 74 2.708800688097025 300 ALPHA BETA
85 74 2.7015712141023007 300 ALPHA BETA
64 75 3.2195455459489075 300 ALPHA BETA
74 75 2.708800688097025 300 ALPHA BETA
76 75 3.5509638417046894 300 ALPHA BETA
86 75 2.7015712141023007 300 ALPHA BETA
65 76 3.2195455459489075 300 ALPHA BETA
75 76 3.5509638417046894 300 ALPHA BETA
77 76 3.020070729909122 300 ALPHA BETA
87 76 2.7015712141023007 300 ALPHA BETA
66 77 3.2195455459489075 300 ALPHA BETA
76 77 3.020070729909122 300 ALPHA BETA
88 77 2.7015712141023007 300 ALPHA BETA
67 78 2.7015712141023007 300 ALPHA BETA
79 78 2.532669396952106 300 ALPHA BETA
89 78 3.3230449522038183 300 ALPHA BETA
68 79 2.7015712141023007 300 ALPHA BETA
78 79 2.532669396952106 300 ALPHA BETA
80 79 3.1781676843948303 300 ALPHA BETA
90 79 3.3230449522038183 300 ALPHA BETA
69 80 2.7015712141023007 300 ALPHA BETA
79 80 3.1781676843948303 300 ALPHA BETA
81 80 3.4263025137446395 300 ALPHA BETA
91 80 3.3230449522038183 300 ALPHA BETA
70 81 2.7015712141023007 300 ALPHA BETA
80 81 3.4263025137446395 300 ALPHA BETA
82 81 2.4847603228514474 300 ALPHA BETA
92 81 3.3230449522038183 300 ALPHA BETA
71 82 2.7015712141023007 300 ALPHA BETA
81 82 2.4847603228514474 300 ALPHA BETA
83 82 3.2945484463898014 300 ALPHA BETA
93 82 3.3230449522038183 300 ALPHA BETA
72 83 1.0806284856409203 200 ALPHA BETA
82 83 3.2945484463898014 300 ALPHA BETA
84 83 2.9220215517360177 300 ALPHA BETA
94 83 1.3292179808815272 200 ALPHA BETA
73 84 2.7015712141023007 300 ALPHA BETA
83 84 2.9220215517360177 300 ALPHA BETA
85 84 3.0195609815805105 300 ALPHA BETA
95 84 3.3230449522038183 300 ALPHA BETA
74 85 2.7015712141023007 300 ALPHA BETA
84 85 3.0195609815805105 300 ALPHA BETA
86 85 2.708800688097025 300 ALPHA BETA
96 85 3.3230449522038183 300 ALPHA BETA
75 86 2.7015712141023007 300 ALPHA BETA
85 86 2.708800688097025 300 ALPHA BETA
87 86 3.5509638417046894 300 ALPHA BETA
97 86 3.3230449522038183 300 ALPHA BETA
76 87 2.7015712141023007 300 ALPHA BETA
86 87 3.5509638417046894 300 ALPHA BETA
88 87 3.020070729909122 300 ALPHA BETA
98 87 3.3230449522038183 300 ALPHA BETA
77 88 2.7015712141023007 300 ALPHA BETA
87 88 3.020070729909122 300 ALPHA BETA
99 88 3.3230449522038183 300 ALPHA BETA
78 89 3.3230449522038183 300 ALPHA BETA
90 89 2.532669396952106 300 ALPHA BETA
100 89 3.1401979657301133 300 ALPHA BETA
79 90 3.3230449522038183 300 ALPHA BETA
89 90 2.532669396952106 300 ALPHA BETA
91 90 3.1781676843948303 300 ALPHA BETA
101 90 3.1401979657301133 300 ALPHA BETA
80 91 3.3230449522038183 300 ALPHA BETA
90 91 3.1781676843948303 300 ALPHA BETA
92 91 3.4263025137446395 300 ALPHA BETA
102 91 3.1401979657301133 300 ALPHA BETA
81 92 3.3230449522038183 300 ALPHA BETA
91 92 3.4263025137446395 300 ALPHA BETA
93 92 2.4847603228514474 300 ALPHA BETA
103 92 3.1401979657301133 300 ALPHA BETA
82 93 3.3230449522038183 300 ALPHA BETA
92 93 2.4847603228514474 300 ALPHA BETA
94 93 3.2945484463898014 300 ALPHA BETA
104 93 3.1401979657301133 300 ALPHA BETA
83 94 1.3292179808815272 200 ALPHA BETA
93 94 3.2945484463898014 300 ALPHA BETA
95 94 2.9220215517360177 300 ALPHA BETA
105 94 1.2560791862920453 200 ALPHA BETA
84 95 3.3230449522038183 300 ALPHA BETA
94 95 2.9220215517360177 300 ALPHA BETA
96 95 3.0195609815805105 300 ALPHA BETA
106 95 3.1401979657301133 300 ALPHA BETA
85 96 3.3230449522038183 300 ALPHA BETA
95 96 3.0195609815805105 300 ALPHA BETA
97 96 2.708800688097025 300 ALPHA BETA
107 96 3.1401979657301133 300 ALPHA BETA
86 97 3.3230449522038183 300 ALPHA BETA
96 97 2.708800688097025 300 ALPHA BETA
98 97 3.5509638417046894 300 ALPHA BETA
108 97 3.1401979657301133 300 ALPHA BETA
87 98 3.3230449522038183 300 ALPHA BETA
97 98 3.5509638417046894 300 ALPHA BETA
99 98 3.020070729909122 300 ALPHA BETA
109 98 3.1401979657301133 300 ALPHA BETA
88 99 3.3230449522038183 300 ALPHA BETA
98 99 3.020070729909122 300 ALPHA BETA
110 99 3.1401979657301133 300 ALPHA BETA
89 100 3.1401979657301133 300 ALPHA BETA
101 100 2.532669396952106 300 ALPHA BETA
111 100 2.699598394124113 300 ALPHA BETA
90 101 3.1401979657301133 300 ALPHA BETA
100 101 2.532669396952106 300 ALPHA BETA
102 101 3.1781676843948303 300 ALPHA BETA
112 101 2.699598394124113 300 ALPHA BETA
91 102 3.1401979657301133 300 ALPHA BETA
101 102 3.1781676843948303 300 ALPHA BETA
103 102 3.4263025137446395 300 ALPHA BETA
113 102 2.699598394124113 300 ALPHA BETA
92 103 3.1401979657301133 300 ALPHA BETA
102 103 3.4263025137446395 300 ALPHA BETA
104 103 2.4847603228514474 300 ALPHA BETA
114 103 2.699598394124113 300 ALPHA BETA
93 104 3.1401979657301133 300 ALPHA BETA
103 104 2.4847603228514474 300 ALPHA BETA
105 104 3.2945484463898014 300 ALPHA BETA
115 104 2.699598394124113 300 ALPHA BETA
94 105 1.2560791862920453 200 ALPHA BETA
104 105 3.2945484463898014 300 ALPHA BETA
106 105 2.9220215517360177 300 ALPHA BETA
116 105 1.079839357649645 200 ALPHA BETA
95 106 3.1401979657301133 300 ALPHA BETA
105 106 2.9220215517360177 300 ALPHA BETA
107 106 3.0195609815805105 300 ALPHA BETA
117 106 2.699598394124113 300 ALPHA BETA
96 107 3.1401979657301133 300 ALPHA BETA
106 107 3.0195609815805105 300 ALPHA BETA
108 107 2.708800688097025 300 ALPHA BETA
118 107 2.699598394124113 300 ALPHA BETA
97 108 3.1401979657301133 300 ALPHA BETA
107 108 2.708800688097025 300 ALPHA BETA
109 108 3.5509638417046894 300 ALPHA BETA
119 108 2.699598394124113 300 ALPHA BETA
98 109 3.1401979657301133 300 ALPHA BETA
108 109 3.5509638417046894 300 ALPHA BETA
110 109 3.020070729909122 300 ALPHA BETA
120 109 2.699598394124113 300 ALPHA BETA
99 110 3.1401979657301133 300 ALPHA BETA
109 110 3.020070729909122 300 ALPHA BETA
121 110 2.699598394124113 300 ALPHA BETA
100 111 2.699598394124113 300 ALPHA BETA
112 111 2.532669396952106 300 ALPHA BETA
101 112 2.699598394124113 300 ALPHA BETA
111 112 2.532669396952106 300 ALPHA BETA
113 112 3.1781676843948303 300 ALPHA BETA
102 113 2.699598394124113 300 ALPHA BETA
112 113 3.1781676843948303 300 ALPHA BETA
114 113 3.4263025137446395 300 ALPHA BETA
103 114 2.699598394124113 300 ALPHA BETA
113 114 3.4263025137446395 300 ALPHA BETA
115 114 2.4847603228514474 300 ALPHA BETA
104 115 2.699598394124113 300 ALPHA BETA
114 115 2.4847603228514474 300 ALPHA BETA
116 115 3.2945484463898014 300 ALPHA BETA
105 116 1.079839357649645 200 ALPHA BETA
115 116 3.2945484463898014 300 ALPHA BETA
117 116 2.9220215517360177 300 ALPHA BETA
106 117 2.699598394124113 300 ALPHA BETA
116 117 2.9220215517360177 300 ALPHA BETA
118 117 3.0195609815805105 300 ALPHA BETA
107 118 2.699598394124113 300 ALPHA BETA
117 118 3.0195609815805105 300 ALPHA BETA
119 118 2.708800688097025 300 ALPHA BETA
108 119 2.699598394124113 300 ALPHA BETA
118 119 2.708800688097025 300 ALPHA BETA
120 119 3.5509638417046894 300 ALPHA BETA
109 120 2.699598394124113 300 ALPHA BETA
119 120 3.5509638417046894 300 ALPHA BETA
121 120 3.020070729909122 300 ALPHA BETA
110 121 2.699598394124113 300 ALPHA BETA
120 121 3.020070729909122 300 ALPHA BETA