3x3ToyNetwork 2 16 69 75 81 87 93 97 101 105 106
1 2000
6 2000
10 2000
12 2000
16 2000
21 2000
25 2000
28 2000
32 2000
37 0
39 0
41 0
43 0
45 0
2 1 3.252421 300
4 1 2.959266 300
10 1 0 1
13 1 0 1
14 1 999999 1
1 2 3.252421 300
3 2 3.544749 300
5 2 1.302076 200
14 2 999999 1
2 3 3.544749 300
6 3 3.467546 300
1 4 2.959266 300
5 4 1.542598 200
7 4 3.16256 300
14 4 999999 1
2 5 1.302076 200
4 5 1.542598 200
6 5 1.122925 200
8 5 1.504295 200
14 5 999999 1
3 6 3.467546 300
5 6 1.122925 200
9 6 3.445343 300
14 6 999999 1
4 7 3.16256 300
8 7 3.604563 300
14 7 999999 1
5 8 1.504295 200
7 8 3.604563 300
9 8 3.122708 300
14 8 999999 1
6 9 3.445343 300
8 9 3.122708 300
11 9 0 1
12 9 999999 1
14 9 999999 1
1 10 0 1
11 10 3.174189 200
9 11 0 1
10 11 3.174189 200 
9 12 0 1
13 12 999999 1
1 13 999999 1
12 13 3.174189 400 
1 14 0 1
2 14 0 1
3 14 0 1
4 14 0 1
5 14 0 1
6 14 0 1
7 14 0 1
8 14 0 1
9 14 0 1
2 36 39 37 33 38
3 42 41 43 34 40
48
49
51
52
2
1
0
0
0
0
0
0
50
50
50
50
0
4000
4000
4000
4000
4000
0.25
0.25
0.25
0.25
1 2 3 1 2 3 1 2 3 1 3 3 1 1
1 2 3 1 2 3 1 2 3 1 3 3 1 1
3 2 1 3 2 1 3 2 1 3 1 1 3 1
3 2 1 3 2 1 3 2 1 3 1 1 3 1
1 1 1 1 1 1 1 1 1 0 0 0 0 0
3 3 3 3 3 3 3 3 3 0 0 0 0 0
1 1 1 1 1 1 1 1 1 0 0 0 0 0
3 3 3 3 3 3 3 3 3 0 0 0 0 0
12000
14