ToyNetwork 2 58 344 349 354 359 364 368 372 376 377
1 0
6 0
10 0
14 0
18 0
22 0
26 0
29 0
33 200
38 200
43 200
48 200
53 200
58 200
62 0
66 200
71 200
76 200
81 200
86 200
91 200
95 0
99 200
104 200
109 0
116 200
121 200
126 200
130 0
134 200
139 200
144 200
149 200
154 200
159 200
163 0
167 200
172 200
177 200
182 200
187 200
192 200
196 0
199 200
203 200
207 200
211 200
215 200
219 200
224 0
226 0
229 0
231 0
233 0
236 0
238 0
2 1 3.427284 300
8 1 3.042931 300
50 1 0 1
53 1 0 1
56 1 0 1
1 2 3.427284 300
3 2 3.02488 300
9 2 3.155536 300
56 2 0 1
2 3 3.02488 300
4 3 2.862651 300
10 3 3.151066 300
56 3 0 1
3 4 2.862651 300
5 4 3.423753 300
11 4 1.132062 200
56 4 0 1
4 5 3.423753 300
6 5 3.464658 300
12 5 3.422243 300
56 5 0 1
5 6 3.464658 300
7 6 3.533323 300
13 6 3.209125 300
56 6 0 1
6 7 3.533323 300
14 7 3.439795 300
56 7 0 1
1 8 3.042931 300
9 8 3.076533 300
15 8 3.135151 300
56 8 0 1
2 9 3.155536 300
8 9 3.076533 300
10 9 3.029349 300
16 9 3.247701 300
56 9 0 1
3 10 3.151066 300
9 10 3.029349 300
11 10 2.755318 300
17 10 3.377065 300
56 10 0 1
4 11 1.132062 200
10 11 2.755318 300
12 11 3.215332 300
18 11 1.382369 200
56 11 0 1
5 12 3.422243 300
11 12 3.215332 300
13 12 3.496285 300
19 12 3.389403 300
56 12 0 1
6 13 3.209125 300
12 13 3.496285 300
14 13 2.780317 300
20 13 3.732402 300
56 13 0 1
7 14 3.439795 300
13 14 2.780317 300
21 14 3.571047 300
56 14 0 1
8 15 3.135151 300
16 15 2.559445 300
22 15 3.683131 300
56 15 0 1
9 16 3.247701 300
15 16 2.559445 300
17 16 2.899986 300
23 16 3.354791 300
56 16 0 1
10 17 3.377065 300
16 17 2.899986 300
18 17 3.698798 300
24 17 2.80038 300
56 17 0 1
11 18 1.382369 200
17 18 3.698798 300
19 18 3.0729 300
25 18 1.159904 200
56 18 0 1
12 19 3.389403 300
18 19 3.0729 300
20 19 3.011276 300
26 19 2.643162 300
56 19 0 1
13 20 3.732402 300
19 20 3.011276 300
21 20 3.202226 300
27 20 2.741159 300
56 20 0 1
14 21 3.571047 300
20 21 3.202226 300
28 21 2.593728 300
56 21 0 1
15 22 3.683131 300
23 22 1.386942 200
29 22 2.919407 300
56 22 0 1
16 23 3.354791 300
22 23 1.386942 200
24 23 1.102439 200
30 23 2.862601 300
56 23 0 1
17 24 2.80038 300
23 24 1.102439 200
25 24 1.330531 200
31 24 3.457357 300
56 24 0 1
18 25 1.159904 200
24 25 1.330531 200
26 25 1.572052 200
32 25 1.550401 200
51 25 0 1
54 25 999999 1
56 25 0 1
19 26 2.643162 300
25 26 1.572052 200
27 26 1.243709 200
33 26 3.32708 300
56 26 0 1
20 27 2.741159 300
26 27 1.243709 200
28 27 1.143225 200
34 27 3.183918 300
56 27 0 1
21 28 2.593728 300
27 28 1.143225 200
35 28 3.457546 300
56 28 0 1
22 29 2.919407 300
30 29 3.365586 300
36 29 3.119026 300
56 29 0 1
23 30 2.862601 300
29 30 3.365586 300
31 30 3.02767 300
37 30 3.845043 300
56 30 0 1
24 31 3.457357 300
30 31 3.02767 300
32 31 3.744975 300
38 31 3.048929 300
56 31 0 1
25 32 1.550401 200
31 32 3.744975 300
33 32 3.488491 300
39 32 1.149918 200
56 32 0 1
26 33 3.32708 300
32 33 3.488491 300
34 33 2.797443 300
40 33 3.690956 300
56 33 0 1
27 34 3.183918 300
33 34 2.797443 300
35 34 3.597435 300
41 34 3.721626 300
56 34 0 1
28 35 3.457546 300
34 35 3.597435 300
42 35 2.692927 300
56 35 0 1
29 36 3.119026 300
37 36 3.614724 300
43 36 3.759222 300
56 36 0 1
30 37 3.845043 300
36 37 3.614724 300
38 37 3.486403 300
44 37 2.443988 300
56 37 0 1
31 38 3.048929 300
37 38 3.486403 300
39 38 3.570841 300
45 38 3.190621 300
56 38 0 1
32 39 1.149918 200
38 39 3.570841 300
40 39 2.528514 300
46 39 1.219267 200
56 39 0 1
33 40 3.690956 300
39 40 2.528514 300
41 40 2.921713 300
47 40 3.364343 300
56 40 0 1
34 41 3.721626 300
40 41 2.921713 300
42 41 3.900725 300
48 41 3.764892 300
56 41 0 1
35 42 2.692927 300
41 42 3.900725 300
49 42 3.321327 300
56 42 0 1
36 43 3.759222 300
44 43 3.904339 300
56 43 0 1
37 44 2.443988 300
43 44 3.904339 300
45 44 2.709978 300
56 44 0 1
38 45 3.190621 300
44 45 2.709978 300
46 45 3.334427 300
56 45 0 1
39 46 1.219267 200
45 46 3.334427 300
47 46 2.847943 300
56 46 0 1
40 47 3.364343 300
46 47 2.847943 300
48 47 3.736294 300
56 47 0 1
41 48 3.764892 300
47 48 3.736294 300
49 48 2.974221 300
56 48 0 1
42 49 3.321327 300
48 49 2.974221 300
52 49 0 1
55 49 999999 1
56 49 0 1
1 50 0 1
51 50 7.036125 200
25 51 0 1
50 51 7.036125 200
52 51 7.286847 200
49 52 0 1
51 52 7.286847 200
1 53 999999 1
54 53 7.036125 400
25 54 0 1
53 54 999999 400
55 54 7.286847 400
49 55 0 1
54 55 999999 200
1 56 0 1
2 56 0 1
3 56 0 1
4 56 0 1
5 56 0 1
6 56 0 1
7 56 0 1
8 56 0 1
9 56 0 1
10 56 0 1
11 56 0 1
12 56 0 1
13 56 0 1
14 56 0 1
15 56 0 1
16 56 0 1
17 56 0 1
18 56 0 1
19 56 0 1
20 56 0 1
21 56 0 1
22 56 0 1
23 56 0 1
24 56 0 1
25 56 0 1
26 56 0 1
27 56 0 1
28 56 0 1
29 56 0 1
30 56 0 1
31 56 0 1
32 56 0 1
33 56 0 1
34 56 0 1
35 56 0 1
36 56 0 1
37 56 0 1
38 56 0 1
39 56 0 1
40 56 0 1
41 56 0 1
42 56 0 1
43 56 0 1
44 56 0 1
45 56 0 1
46 56 0 1
47 56 0 1
48 56 0 1
49 56 0 1
224 3 226 113 229 221
231 4 233 115 236 226
250
274
278
2
1
0
0
0
0
0
5000
5000 
5000
0
8000
4000
4000
4000
0.25
0.25
0.25
0.25
6 5 4 3 2 1 0 7 6 5 4 3 2 1 8 7 6 5 4 3 2 9 8 7 6 5 4 3 10 9 8 7 6 5 4 11 10 9 8 7 6 5 12 11 10 9 8 7 6
6 5 4 3 2 1 0 7 6 5 4 3 2 1 8 7 6 5 4 3 2 9 8 7 6 5 4 3 10 9 8 7 6 5 4 11 10 9 8 7 6 5 12 11 10 9 8 7 6
0 1 2 3 4 5 6 1 2 3 4 5 6 7 2 3 4 5 6 7 8 3 4 5 6 7 8 9 4 5 6 7 8 9 10 5 6 7 8 9 10 11 6 7 8 9 10 11 12
0 1 2 3 4 5 6 1 2 3 4 5 6 7 2 3 4 5 6 7 8 3 4 5 6 7 8 9 4 5 6 7 8 9 10 5 6 7 8 9 10 11 6 7 8 9 10 11 12
10000 10000 10000 10000 10000 10000 10000 10000 10000 10000 10000 10000 10000 10000 10000 10000 10000 10000 10000 10000 10000 10000 10000 10000 10000 10000 10000 10000 10000 10000 10000 10000 10000 10000 10000 10000 10000 10000 10000 10000 10000 10000 10000 10000 10000 10000 10000 10000 10000 
10000 10000 10000 10000 10000 10000 10000 10000 10000 10000 10000 10000 10000 10000 10000 10000 10000 10000 10000 10000 10000 10000 10000 10000 10000 10000 10000 10000 10000 10000 10000 10000 10000 10000 10000 10000 10000 10000 10000 10000 10000 10000 10000 10000 10000 10000 10000 10000 10000 
10000 10000 10000 10000 10000 10000 10000 10000 10000 10000 10000 10000 10000 10000 10000 10000 10000 10000 10000 10000 10000 10000 10000 10000 10000 10000 10000 10000 10000 10000 10000 10000 10000 10000 10000 10000 10000 10000 10000 10000 10000 10000 10000 10000 10000 10000 10000 10000 10000 
10000 10000 10000 10000 10000 10000 10000 10000 10000 10000 10000 10000 10000 10000 10000 10000 10000 10000 10000 10000 10000 10000 10000 10000 10000 10000 10000 10000 10000 10000 10000 10000 10000 10000 10000 10000 10000 10000 10000 10000 10000 10000 10000 10000 10000 10000 10000 10000 10000 
12000
56